113 950 935 
108 951 616 
88 546 612 
83 702 337 
83 284 130 
78 287 909 
69 692 934 
64 857 476 
63 595 065 
56 871 327 
55 574 800 
55 037 062 
51 434 659 
49 668 799 
46 278 037 
45 016 729 
43 268 795 
43 147 465 
38 616 781 
36 678 242 
36 337 955 
34 834 793 
32 360 484 
31 696 555 
31 385 668 
30 417 619 
30 096 466 
29 321 202 
28 491 621 
25 949 057 
25 895 406 
25 283 497 
24 551 787 
22 604 900 
22 268 466 
21 634 538 
20 696 080 
19 953 311 
19 402 062 
19 260 959 
19 228 608 
18 999 929 
18 985 902 
18 705 720 
18 326 415 
17 655 584 
17 302 190 
16 810 028 
16 734 896 
16 464 351 
16 378 819 
15 564 896 
15 513 891 
15 505 247 
15 469 381 
15 287 247 
15 241 917 
15 162 925 
15 150 712 
15 116 869 
14 885 413 
14 535 997 
14 351 229 
14 347 318 
14 316 733 
14 198 810 
14 035 550 
13 989 903 
13 927 262 
13 861 812 
13 797 689 
13 581 303 
13 029 588 
12 947 635 
12 615 745 
12 491 989 
12 352 088 
12 185 497 
12 140 561 
12 036 864 
11 930 199 
11 921 295 
11 663 031 
11 518 413 
11 456 100 
11 403 156 
11 304 573 
10 985 247 
10 878 765 
10 833 170 
10 735 841 
10 710 596 
10 555 148 
10 547 649 
10 363 605 
10 238 370 
10 221 099 
10 113 530 
10 073 936 
10 053 775 
10 040 151 
9 785 202 
9 532 727 
9 417 244 
9 258 116 
9 180 315 
9 146 952 
9 135 222 
8 802 209 
8 737 884 
8 678 603 
8 601 355 
8 513 821 
8 475 575 
8 399 053 
8 321 415 
8 276 418 
8 243 195 
8 215 150 
8 210 112 
8 068 711 
8 062 493 
8 036 637 
8 010 837 
7 905 433 
7 900 538 
7 893 964 
7 520 887 
7 517 154 
7 331 940 
7 322 213 
7 184 174 
7 115 444 
7 091 159 
7 050 161 
7 040 885 
6 961 853 
6 936 649 
6 895 086 
6 894 587 
6 875 098 
6 853 424 
6 829 059 
6 815 995 
6 804 767 
6 781 494 
6 726 699 
6 720 071 
6 682 822 
6 648 490 
6 629 258 
6 585 632 
6 552 727 
6 532 379 
6 497 955 
6 492 416 
6 490 793 
6 457 984 
6 437 349 
6 416 606 
6 347 448 
6 328 958 
6 303 918 
6 257 108 
6 256 646 
6 251 162 
6 224 278 
6 222 569 
6 159 415 
6 151 297 
6 092 572 
6 088 334 
6 055 582 
6 027 620 
6 015 323 
5 985 527 
5 951 918 
5 911 545 
5 889 217 
5 756 836 
5 711 066 
5 703 419 
5 683 635 
5 663 864 
5 644 558 
5 639 469 
5 629 622 
5 623 497 
5 623 094 
5 618 417 
5 610 324 
5 608 043 
5 602 389 
5 594 624 
5 578 087 
5 565 886 
5 531 908 
5 529 846 
5 504 270 
5 483 153 
5 476 772 
5 441 256 
5 431 081 
5 404 235 
5 380 743 
5 352 786 
5 350 199 
5 309 811 
5 303 560 
5 303 471 
5 280 126 
5 274 115 
5 258 260 
5 230 235 
5 228 055 
5 119 503 
5 106 843 
5 083 282 
5 033 400 
5 024 633 
5 009 723 
4 984 265 
4 978 825 
4 975 928 
4 964 810 
4 949 787 
4 924 364 
4 912 899 
4 894 536 
4 830 408 
4 826 583 
4 824 772 
4 772 449 
4 767 657 
4 761 274 
4 740 096 
4 734 425 
4 730 752 
4 699 042 
4 698 706 
4 689 478 
4 678 197 
4 663 373 
4 659 948 
4 659 677 
4 657 839 
4 649 024 
4 646 311 
4 624 151 
4 618 261 
4 600 973 
4 592 136 
4 553 471 
4 516 734 
4 516 299 
4 507 764 
4 503 692 
4 468 273 
4 466 868 
4 466 413 
4 459 994 
4 454 895 
4 452 672 
4 452 407 
4 447 247 
4 434 314 
4 424 361 
4 373 970 
4 322 519 
4 316 371 
4 314 070 
4 309 925 
4 308 932 
4 293 547 
4 260 003 
4 254 385 
4 231 113 
4 224 998 
4 217 489 
4 173 170 
4 150 085 
4 138 434 
4 134 877 
4 126 860 
4 121 604 
4 111 847 
4 110 369 
4 097 175 
4 053 921 
4 045 020 
4 021 765 
4 005 843 
4 002 142 
3 962 994 
3 948 546 
3 922 692 
3 908 599 
3 902 015 
3 888 551 
3 883 611 
3 838 189 
3 824 344 
3 820 740 
3 812 243 
3 804 346 
3 795 247 
3 770 003 
3 759 907 
3 755 560 
3 733 478 
3 725 592 
3 718 120 
3 716 302 
3 697 775 
3 687 768 
3 687 728 
3 680 434 
3 616 158 
3 608 731 
3 590 581 
3 589 236 
3 572 774 
3 567 782 
3 527 258 
3 520 219 
3 512 766 
3 490 393 
3 488 126 
3 478 314 
3 473 308 
3 472 570 
3 457 908 
3 431 329 
3 430 289 
3 417 181 
3 406 191 
3 399 982 
3 388 530 
3 374 067 
3 369 828 
3 368 650 
3 368 591 
3 364 715 
3 364 553 
3 336 569 
3 332 652 
3 316 749 
3 304 221 
3 296 932 
3 276 360 
3 272 721 
3 264 793 
3 261 653 
3 248 371 
3 242 007 
3 237 585 
3 236 504 
3 234 935 
3 226 759 
3 219 275 
3 218 200 
3 216 040 
3 208 741 
3 200 156 
3 195 820 
3 191 856 
3 187 967 
3 176 001 
3 158 647 
3 153 855 
3 152 519 
3 149 601 
3 148 969 
3 147 026 
3 138 597 
3 129 088 
3 110 796 
3 106 532 
3 106 136 
3 106 084 
3 103 183 
3 082 141 
3 055 592 
3 035 403 
3 019 058 
3 015 927 
3 015 772 
3 006 754 
3 005 315 
3 003 135 
2 982 248 
2 977 303 
2 970 564 
2 969 481 
2 962 248 
2 937 275 
2 934 295 
2 934 217 
2 934 077 
2 927 943 
2 926 406 
2 926 382 
2 921 468 
2 917 635 
2 915 007 
2 901 323 
2 899 137 
2 897 706 
2 890 253 
2 887 547 
2 875 222 
2 857 538 
2 856 018 
2 854 590 
2 852 358 
2 850 064 
2 849 951 
2 847 455 
2 840 127 
2 834 444 
2 819 076 
2 809 784 
2 804 379 
2 799 724 
2 792 304 
2 788 871 
2 780 902 
2 780 842 
2 780 011 
2 778 506 
2 771 495 
2 771 397 
2 767 023 
2 764 173 
2 751 269 
2 747 385 
2 744 803 
2 740 386 
2 739 418 
2 735 116 
2 722 444 
2 713 164 
2 708 824 
2 707 538 
2 706 425 
2 705 563 
2 702 563 
2 700 056 
2 699 384 
2 697 990 
2 695 524 
2 694 692 
2 686 590 
2 680 004 
2 677 428 
2 664 973 
2 662 591 
2 660 658 
2 659 285 
2 653 814 
2 644 474 
2 643 843 
2 631 596 
2 617 765 
2 611 791 
2 610 498 
2 610 257 
2 599 900 
2 596 049 
2 595 564 
2 594 275 
2 587 018 
2 579 502 
2 578 244 
2 577 205 
2 573 230 
2 572 027 
2 567 991 
2 565 081 
2 560 224 
2 557 551 
2 557 379 
2 549 472 
2 544 493 
2 540 533 
2 538 731 
2 532 131 
2 524 991 
2 512 288 
2 509 822 
2 504 678 
2 503 223 
2 500 421 
2 495 369 
2 488 635 
2 478 800 
2 472 098 
2 462 193 
2 460 529 
2 456 207 
2 445 602 
2 443 067 
2 440 141 
2 434 693 
2 434 420 
2 432 918 
2 426 532 
2 422 119 
2 421 672 
2 417 994 
2 417 699 
2 410 936 
2 408 997 
2 408 835 
2 401 959 
2 399 850 
2 396 194 
2 394 656 
2 392 215 
2 384 463 
2 381 522 
2 375 035 
2 372 769 
2 360 009 
2 355 861 
2 354 155 
2 353 693 
2 352 946 
2 342 760 
2 342 599 
2 339 661 
2 334 757 
2 333 847 
2 333 037 
2 329 750 
2 322 607 
2 320 905 
2 318 393 
2 318 364 
2 314 366 
2 300 274 
2 298 420 
2 293 624 
2 288 903 
2 286 847 
2 276 929 
2 273 930 
2 270 591 
2 267 381 
2 266 558 
2 264 270 
2 263 820 
2 260 250 
2 252 085 
2 249 434 
2 241 138 
2 237 271 
2 236 627 
2 233 228 
2 232 532 
2 225 544 
2 225 251 
2 219 651 
2 216 416 
2 209 123 
2 204 205 
2 200 814 
2 189 718 
2 187 014 
2 186 309 
2 186 212 
2 181 059 
2 180 853 
2 179 291 
2 176 539 
2 172 292 
2 169 072 
2 166 757 
2 161 458 
2 158 449 
2 157 376 
2 149 619 
2 144 744 
2 144 684 
2 144 670 
2 144 521 
2 144 343 
2 142 319 
2 142 007 
2 138 738 
2 135 021 
2 130 895 
2 105 958 
2 104 766 
2 101 498 
2 096 485 
2 095 647 
2 094 639 
2 091 293 
2 090 473 
2 087 130 
2 074 895 
2 071 513 
2 071 253 
2 065 262 
2 053 545 
2 050 301 
2 049 932 
2 045 345 
2 040 460 
2 037 053 
2 036 684 
2 035 250 
2 033 487 
2 032 909 
2 027 259 
2 024 165 
2 024 051 
2 023 256 
2 015 877 
2 007 683 
2 007 238 
2 004 608 
2 002 706 
2 002 459 
2 000 867 
1 999 873 
1 995 925 
1 987 537 
1 987 424 
1 983 269 
1 981 643 
1 978 279 
1 977 923 
1 972 367 
1 971 039 
1 970 106 
1 968 986 
1 964 889 
1 959 277 
1 959 019 
1 956 091 
1 951 353 
1 949 159 
1 938 152 
1 936 322 
1 936 026 
1 932 602 
1 930 369 
1 926 030 
1 924 423 
1 924 141 
1 922 940 
1 922 377 
1 921 124 
1 917 942 
1 917 205 
1 913 274 
1 912 822 
1 904 027 
1 903 868 
1 900 768 
1 895 114 
1 893 071 
1 886 143 
1 885 895 
1 885 553 
1 884 355 
1 883 566 
1 880 701 
1 880 127 
1 877 237 
1 876 283 
1 870 105 
1 860 288 
1 859 620 
1 859 218 
1 850 629 
1 849 748 
1 847 069 
1 846 964 
1 846 950 
1 840 503 
1 835 690 
1 834 420 
1 824 726 
1 824 723 
1 820 779 
1 809 817 
1 805 728 
1 804 268 
1 795 287 
1 788 872 
1 788 134 
1 785 385 
1 783 061 
1 782 908 
1 781 252 
1 776 340 
1 772 232 
1 771 974 
1 770 114 
1 768 271 
1 767 085 
1 760 985 
1 758 492 
1 756 012 
1 755 284 
1 755 083 
1 754 328 
1 753 136 
1 749 751 
1 748 131 
1 748 077 
1 747 552 
1 744 803 
1 741 580 
1 740 643 
1 736 381 
1 736 266 
1 736 101 
1 734 513 
1 729 806 
1 729 762 
1 727 725 
1 727 042 
1 725 936 
1 725 338 
1 724 076 
1 723 063 
1 722 387 
1 721 335 
1 719 800 
1 719 460 
1 718 971 
1 717 243 
1 715 425 
1 715 207 
1 715 128 
1 714 702 
1 713 272 
1 710 094 
1 708 085 
1 706 249 
1 703 245 
1 703 028 
1 702 517 
1 697 091 
1 694 859 
1 692 844 
1 692 037 
1 691 352 
1 688 140 
1 683 470 
1 681 272 
1 680 833 
1 679 432 
1 675 786 
1 673 698 
1 671 766 
1 671 754 
1 670 539 
1 668 130 
1 666 359 
1 662 292 
1 653 044 
1 649 792 
1 645 498 
1 645 458 
1 642 968 
1 640 522 
1 635 003 
1 634 937 
1 633 665 
1 630 969 
1 627 986 
1 625 264 
1 624 601 
1 621 685 
1 618 770 
1 617 382 
1 616 737 
1 615 258 
1 614 521 
1 612 630 
1 610 008 
1 607 034 
1 606 629 
1 605 324 
1 605 100 
1 603 579 
1 603 171 
1 602 409 
1 601 690 
1 601 147 
1 600 772 
1 599 659 
1 598 218 
1 597 788 
1 595 399 
1 594 597 
1 593 622 
1 593 589 
1 589 028 
1 588 876 
1 588 648 
1 588 249 
1 587 014 
1 586 498 
1 584 680 
1 584 046 
1 579 065 
1 579 035 
1 577 268 
1 576 090 
1 572 371 
1 569 916 
1 569 044 
1 568 638 
1 564 853 
1 563 347 
1 563 252 
1 559 661 
1 557 784 
1 557 668 
1 555 144 
1 555 029 
1 554 338 
1 554 054 
1 551 910 
1 550 462 
1 548 008 
1 543 991 
1 543 480 
1 543 244 
1 540 277 
1 535 863 
1 534 224 
1 533 984 
1 533 754 
1 529 309 
1 528 755 
1 526 870 
1 526 130 
1 523 165 
1 521 982 
1 520 334 
1 520 004 
1 517 369 
1 516 170 
1 516 039 
1 515 139 
1 508 841 
1 507 501 
1 502 677 
1 500 312 
1 499 302 
1 492 937 
1 490 793 
1 490 174 
1 488 657 
1 488 257 
1 487 787 
1 486 112 
1 485 447 
1 484 740 
1 483 551 
1 482 818 
1 478 786 
1 478 149 
1 475 755 
1 475 615 
1 473 450 
1 471 720 
1 468 961 
1 468 065 
1 463 993 
1 463 244 
1 462 678 
1 461 867 
1 460 415 
1 456 574 
1 454 129 
1 453 357 
1 453 140 
1 453 021 
1 451 817 
1 451 219 
1 450 184 
1 449 608 
1 447 867 
1 446 441 
1 441 605 
1 441 572 
1 441 095 
1 438 992 
1 438 510 
1 434 735 
1 432 106 
1 432 011 
1 430 328 
1 428 181 
1 427 683 
1 424 717 
1 422 802 
1 421 524 
1 419 844 
1 419 555 
1 416 102 
1 415 982 
1 414 063 
1 413 693 
1 412 624 
1 411 570 
1 410 653 
1 409 479 
1 408 744 
1 407 797 
1 407 741 
1 406 709 
1 403 455 
1 402 489 
1 402 202 
1 396 210 
1 395 592 
1 395 420 
1 389 835 
1 389 033 
1 383 684 
1 382 805 
1 382 431 
1 379 134 
1 370 876 
1 366 680 
1 364 423 
1 359 778 
1 358 320 
1 356 197 
1 354 871 
1 351 225 
1 347 218 
1 346 960 
1 344 061 
1 342 776 
1 338 664 
1 337 294 
1 335 061 
1 334 736 
1 332 566 
1 330 805 
1 330 411 
1 328 652 
1 328 464 
1 327 985 
1 327 487 
1 326 893 
1 325 329 
1 322 944 
1 319 684 
1 317 873 
1 316 446 
1 316 019 
1 315 336 
1 314 910 
1 313 898 
1 313 789 
1 312 843 
1 312 653 
1 311 549 
1 311 083 
1 311 046 
1 310 645 
1 307 894 
1 306 721 
1 303 664 
1 303 367 
1 302 210 
1 301 956 
1 301 485 
1 299 590 
1 299 558 
1 299 376 
1 299 148 
1 298 606 
1 296 076 
1 295 780 
1 295 729 
1 294 920 
1 294 197 
1 291 882 
1 291 462 
1 290 676 
1 290 164 
1 288 896 
1 287 110 
1 285 732 
1 284 611 
1 282 696 
1 280 439 
1 280 245 
