49 927 044
20 086 488 
18 837 818 
17 955 561 
16 639 871 
15 173 455 
13 960 158 
11 687 151 
11 640 857 
11 555 833 
10 277 101 
10 088 942 
9 511 578 
9 035 991 
8 964 901 
8 699 337 
8 496 303 
8 117 151 
8 104 399 
7 579 600 
6 725 713 
6 547 109 
6 486 301 
6 375 251 
6 351 096 
6 132 524 
6 023 047 
5 687 411 
5 677 096 
5 562 748 
5 285 520 
4 818 871 
4 695 838 
4 599 635 
4 497 352 
4 434 970 
4 427 109 
4 360 001 
4 289 739 
4 281 378 
4 186 578 
4 147 611 
4 143 637 
4 132 014 
4 129 602 
4 022 336 
3 977 288 
3 900 571 
3 877 826 
3 856 603 
3 795 576 
3 603 144 
3 534 769 
3 438 892 
3 341 220 
3 291 282 
3 270 617 
3 242 773 
3 178 639 
3 166 697 
3 161 288 
3 038 904 
2 895 551 
2 796 470 
2 775 709 
2 773 411 
2 769 123 
2 749 049 
2 737 759 
2 706 931 
2 573 300 
2 519 455 
2 379 625 
2 356 022 
2 343 871 
2 330 443 
2 276 671 
2 275 434 
2 261 855 
2 206 021 
2 199 592 
2 117 446 
2 112 492 
2 108 417 
2 102 999 
2 092 881 
2 074 970 
2 065 976 
2 058 296 
2 038 558 
2 037 490 
2 035 174 
2 031 554 
1 964 847 
1 953 788 
1 941 423 
1 922 377 
1 852 853 
1 848 134 
1 847 596 
1 802 032 
1 784 866 
1 761 742 
1 728 623 
1 724 086 
1 709 542 
1 690 109 
1 680 512 
1 653 477 
1 628 219 
1 598 852 
1 595 201 
1 584 518 
1 580 120 
1 563 934 
1 502 020 
1 470 145 
1 462 604 
1 444 664 
1 444 433 
1 437 323 
1 427 876 
1 417 331 
1 410 369 
1 409 179 
1 407 776 
1 379 718 
1 369 022 
1 368 709 
1 339 065 
1 327 452 
1 314 450 
1 307 065 
1 288 587 
1 274 313 
1 261 414 
1 259 564 
1 252 305 
1 250 892 
1 239 409 
1 236 017 
1 231 454 
1 229 381 
1 214 676 
1 185 993 
1 174 687 
1 172 140 
1 168 091 
1 164 881 
1 141 288 
1 140 421 
1 136 891 
1 129 264 
1 128 723 
1 120 750 
1 114 518 
1 100 149 
1 086 385 
1 082 991 
1 081 714 
1 071 519 
1 068 555 
1 058 453 
1 052 862 
1 036 276 
1 013 755 
1 011 790 
1 011 312 
1 007 303 
1 003 856 
1 003 024 
996 837 
989 957 
983 186 
980 398 
975 961 
972 144 
968 045 
966 135 
956 077 
930 529 
919 385 
919 314 
915 788 
909 152 
901 983 
892 104 
890 203 
890 151 
884 000 
882 733 
871 644 
868 873 
864 357 
862 403 
860 327 
858 108 
857 516 
853 822 
838 771 
835 502 
830 705 
826 438 
820 354 
804 299 
801 699 
800 323 
793 597 
793 557 
788 108 
787 850 
787 398 
784 531 
778 960 
777 003 
774 261 
773 711 
761 403 
756 844 
756 837 
739 841 
739 138 
735 254 
731 930 
726 740 
724 543 
719 950 
715 299 
711 048 
706 291 
700 746 
695 226 
693 466 
691 328 
681 169 
678 788 
677 680 
676 367 
675 145 
672 502 
664 153 
661 849 
658 719 
653 372 
645 033 
644 428 
642 191 
641 551 
633 411 
628 455 
627 237 
626 304 
616 137 
615 735 
613 738 
611 925 
610 305 
605 385 
599 530 
593 583 
581 602 
581 555 
579 971 
579 195 
578 762 
573 126 
573 007 
572 935 
562 731 
562 612 
562 435 
558 971 
557 315 
553 569 
547 815 
543 455 
538 981 
535 673 
535 099 
533 066 
532 521 
531 979 
528 146 
527 312 
527 252 
525 960 
525 199 
523 654 
521 054 
518 056 
515 729 
515 006 
514 751 
512 676 
509 333 
508 600 
497 434 
496 804 
495 848 
495 127 
493 292 
490 485 
489 869 
488 467 
485 737 
484 067 
483 275 
482 514 
482 406 
475 062 
475 038 
473 372 
468 172 
466 479 
466 227 
464 409 
462 950 
461 080 
460 842 
457 855 
455 102 
451 813 
451 585 
449 848 
449 640 
448 322 
446 359 
441 308 
438 389 
437 908 
437 357 
436 995 
436 720 
432 836 
431 989 
431 666 
430 515 
428 907 
424 580 
423 712 
418 615 
414 729 
411 678 
411 481 
411 372 
408 538 
405 814 
404 698 
404 036 
401 524 
401 143 
398 599 
397 914 
392 561 
392 435 
392 038 
390 549 
388 808 
386 978 
386 945 
385 124 
382 852 
382 428 
381 206 
376 740 
376 065 
375 323 
374 773 
373 508 
372 857 
371 801 
370 988 
370 074 
369 271 
367 679 
366 931 
365 434 
364 050 
361 261 
361 239 
360 901 
360 662 
360 223 
358 294 
357 939 
355 164 
354 843 
352 737 
352 156 
352 136 
351 494 
349 762 
347 368 
346 902 
345 701 
341 078 
340 461 
339 814 
338 326 
337 655 
337 206 
333 235 
332 225 
331 790 
330 719 
330 695 
328 953 
328 814 
327 773 
325 728 
325 320 
325 144 
324 055 
323 037 
321 397 
321 008 
320 556 
318 461 
317 798 
317 077 
317 020 
317 004 
316 696 
313 821 
313 448 
312 692 
312 214 
312 189 
312 062 
311 624 
310 864 
310 314 
308 243 
307 224 
306 820 
306 491 
303 976 
303 052 
297 455 
297 334 
296 006 
295 901 
295 846 
294 566 
294 431 
294 139 
291 901 
290 504 
290 177 
289 783 
288 296 
287 361 
287 279 
286 725 
286 309 
286 255 
285 599 
285 334 
284 891 
284 666 
284 183 
283 003 
282 203 
281 987 
281 745 
281 044 
280 408 
280 199 
279 990 
279 752 
279 367 
278 648 
278 424 
277 272 
277 079 
276 961 
276 251 
275 360 
275 029 
274 133 
272 953 
272 837 
272 583 
272 175 
271 023 
270 337 
270 288 
270 263 
269 325 
269 027 
267 728 
267 402 
264 894 
264 883 
262 387 
262 089 
261 439 
260 953 
260 467 
260 352 
259 822 
257 719 
257 410 
257 114 
257 098 
256 981 
256 889 
256 406 
255 846 
252 160 
252 038 
252 002 
251 742 
251 672 
251 019 
250 184 
249 795 
248 876 
248 792 
247 866 
247 628 
247 173 
247 151 
246 713 
245 824 
244 907 
243 510 
242 919 
242 605 
242 358 
242 312 
241 320 
241 113 
241 055 
240 974 
240 214 
239 919 
239 495 
238 327 
237 372 
236 934 
236 104 
236 075 
235 855 
235 689 
235 196 
235 053 
234 579 
234 518 
233 645 
232 771 
232 517 
232 148 
228 017 
227 493 
227 204 
226 161 
226 081 
224 706 
223 668 
222 894 
222 632 
222 043 
221 456 
221 156 
220 502 
220 284 
219 131 
218 459 
218 376 
217 998 
217 953 
217 435 
217 183 
215 836 
215 505 
215 187 
214 629 
214 274 
213 056 
212 698 
212 386 
212 305 
212 089 
211 998 
211 691 
210 542 
209 586 
209 529 
209 290 
209 179 
208 988 
208 961 
208 266 
207 702 
206 645 
206 591 
206 381 
205 657 
205 628 
205 398 
204 969 
204 492 
203 268 
203 187 
202 087 
202 007 
201 833 
201 133 
200 945 
200 413 
200 090 
200 086 
199 572 
199 220 
198 356 
197 634 
196 526 
196 087 
195 869 
195 535 
194 790 
194 300 
193 476 
193 425 
192 762 
192 286 
192 195 
191 711 
190 318 
190 189 
189 774 
189 203 
189 163 
188 561 
188 457 
188 297 
188 152 
188 140 
188 062 
187 633 
187 263 
186 616 
186 488 
186 283 
186 192 
186 110 
185 975 
185 874 
185 653 
185 642 
185 454 
185 091 
184 488 
184 442 
184 313 
184 206 
183 459 
182 937 
182 856 
182 796 
181 631 
181 586 
181 254 
181 188 
180 522 
180 400 
180 398 
180 321 
180 152 
180 107 
178 904 
178 869 
178 707 
178 125 
178 009 
178 008 
177 840 
177 367 
177 221 
177 023 
176 766 
176 710 
176 634 
176 471 
176 354 
176 046 
176 011 
175 502 
175 128 
174 870 
174 844 
174 671 
174 633 
174 209 
174 198 
173 987 
172 693 
171 886 
171 565 
170 469 
170 431 
170 331 
170 117 
169 763 
169 523 
169 391 
169 130 
169 008 
168 849 
168 678 
166 229 
166 171 
166 019 
165 635 
165 326 
165 095 
164 274 
164 268 
163 314 
163 088 
163 056 
163 041 
162 641 
162 487 
162 269 
161 915 
161 893 
161 884 
161 857 
161 414 
160 633 
160 436 
159 483 
159 365 
159 256 
159 176 
159 121 
159 055 
159 017 
158 685 
158 047 
157 749 
157 416 
156 742 
156 161 
155 913 
155 424 
155 300 
155 253 
154 651 
154 146 
154 056 
153 848 
153 756 
153 665 
153 514 
153 379 
152 412 
151 530 
151 131 
150 575 
150 420 
149 761 
149 375 
149 344 
148 644 
148 101 
147 855 
147 679 
147 658 
147 656 
147 366 
147 281 
147 263 
146 902 
146 762 
145 880 
145 583 
145 516 
145 297 
144 124 
143 822 
143 464 
143 413 
143 246 
143 124 
142 847 
142 221 
141 735 
141 143 
141 123 
140 648 
140 071 
140 014 
139 902 
139 838 
139 191 
138 983 
138 643 
138 467 
138 449 
138 357 
137 920 
137 277 
137 119 
136 915 
136 707 
136 613 
136 573 
136 433 
136 338 
135 465 
135 092 
135 064 
134 781 
134 559 
134 152 
133 854 
133 319 
132 777 
132 734 
132 369 
131 976 
131 951 
131 784 
131 670 
131 393 
131 354 
131 272 
131 255 
130 905 
130 808 
130 526 
130 292 
130 203 
130 187 
130 047 
128 984 
128 589 
128 255 
127 254 
127 022 
126 796 
126 466 
126 255 
126 200 
125 942 
125 699 
125 406 
125 004 
124 835 
124 744 
124 596 
124 411 
123 910 
123 835 
123 827 
123 333 
123 309 
123 078 
123 019 
122 817 
122 527 
121 636 
121 556 
121 505 
121 221 
121 160 
120 984 
120 911 
120 731 
120 344 
120 226 
120 224 
120 009 
119 992 
119 948 
119 887 
119 882 
119 821 
119 547 
119 542 
119 405 
119 020 
118 978 
118 899 
118 615 
118 472 
118 108 
118 081 
117 899 
117 701 
117 678 
116 764 
116 441 
115 778 
115 427 
115 191 
114 831 
114 478 
114 349 
113 823 
113 285 
113 198 
112 987 
112 585 
112 363 
112 070 
111 952 
111 475 
111 437 
111 339 
111 033 
110 482 
109 424 
109 410 
109 040 
109 019 
108 884 
108 375 
108 215 
107 617 
107 412 
106 484 
106 452 
106 090 
106 051 
105 980 
105 893 
105 696 
105 291 
104 711 
104 572 
104 133 
104 032 
103 861 
103 798 
103 522 
103 481 
103 302 
103 239 
103 175 
102 445 
102 291 
101 961 
101 679 
101 612 
101 499 
101 387 
101 277 
100 820 
100 790 
100 747 
100 065 
99 608 
99 501 
99 396 
99 327 
99 005 
98 674 
98 367 
98 093 
98 047 
98 035 
97 958 
97 784 
97 392 
96 213 
96 187 
95 874 
95 710 
95 523 
95 210 
95 203 
95 192 
95 032 
94 405 
94 201 
93 209 
92 951 
92 787 
92 646 
92 569 
92 183 
91 692 
91 516 
90 976 
90 952 
90 104 
90 083 
89 800 
89 661 
89 348 
89 187 
89 141 
88 482 
88 295 
88 026 
87 948 
