129 774 783
88 776 124 
32 826 206 
30 887 328 
30 600 550 
18 525 750 
16 262 032 
15 250 408 
14 437 575 
13 249 902 
12 739 241 
12 186 572 
11 648 069 
10 534 699 
10 190 060 
7 097 244 
6 929 952 
6 000 578 
5 953 764 
5 731 366 
4 922 532 
4 450 021 
4 193 137 
3 510 855 
3 500 470 
3 490 387 
3 458 920 
3 374 487 
3 251 886 
3 196 546 
2 994 294 
2 942 457 
2 916 240 
2 841 305 
2 720 542 
2 718 313 
2 635 274 
2 579 047 
2 428 014 
2 236 662 
2 227 013 
2 138 074 
2 126 084 
2 111 184 
2 094 750 
2 033 038 
1 995 185 
1 973 262 
1 963 588 
1 720 892 
1 710 659 
1 708 380 
1 671 065 
1 655 448 
1 610 823 
1 522 090 
1 499 357 
1 479 785 
1 466 311 
1 414 836 
1 383 586 
1 356 493 
1 351 894 
1 351 355 
1 327 862 
1 269 475 
1 269 077 
1 259 871 
1 216 015 
1 171 901 
1 159 286 
1 107 598 
1 076 271 
1 056 512 
1 036 521 
1 006 976 
998 240 
984 053 
978 704 
931 466 
873 736 
860 918 
841 066 
821 178 
799 854 
780 443 
763 333 
753 572 
735 943 
726 794 
712 561 
709 454 
698 687 
693 357 
690 437 
690 276 
687 793 
674 499 
663 691 
661 000 
650 542 
643 041 
640 860 
634 605 
623 644 
608 254 
606 227 
601 188 
598 104 
589 123 
584 011 
581 727 
578 424 
576 791 
565 317 
562 985 
561 457 
560 734 
532 108 
525 560 
515 540 
514 600 
505 988 
502 034 
501 561 
489 436 
488 009 
487 892 
473 622 
468 260 
462 919 
455 468 
435 550 
435 517 
423 408 
420 043 
410 850 
405 705 
398 882 
393 207 
378 628 
377 647 
375 738 
373 914 
373 637 
371 825 
356 014 
350 549 
343 857 
329 371 
327 784 
326 638 
325 323 
320 051 
319 766 
319 097 
314 902 
308 860 
307 992 
307 473 
305 247 
294 440 
288 954 
288 514 
280 579 
275 231 
270 653 
267 230 
265 319 
264 995 
262 013 
258 430 
256 167 
255 621 
250 196 
247 455 
247 331 
247 007 
246 844 
245 830 
241 070 
237 174 
230 176 
229 449 
224 467 
222 728 
217 858 
217 768 
216 341 
215 104 
213 577 
211 082 
210 287 
210 065 
209 212 
205 330 
201 079 
200 539 
199 550 
198 270 
193 811 
193 053 
192 482 
189 963 
187 600 
185 251 
184 519 
184 482 
179 767 
175 277 
175 167 
173 947 
172 579 
170 990 
164 750 
163 698 
161 717 
157 974 
157 404 
157 235 
157 027 
155 468 
153 838 
150 742 
150 307 
148 282 
147 761 
143 112 
142 805 
142 132 
139 463 
138 566 
138 157 
137 981 
137 918 
137 820 
137 795 
137 038 
136 755 
136 663 
135 551 
135 460 
133 940 
133 817 
133 072 
131 412 
127 560 
127 327 
125 295 
124 187 
121 210 
119 710 
117 752 
116 048 
115 771 
114 715 
114 273 
113 083 
111 441 
111 292 
109 127 
108 207 
107 027 
106 363 
103 594 
103 124 
102 557 
101 831 
100 561 
100 478 
100 010 
99 884 
97 783 
96 107 
94 860 
94 728 
93 468 
91 769 
90 609 
89 562 
88 367 
87 007 
86 674 
86 582 
86 494 
86 133 
81 897 
81 038 
80 548 
80 406 
79 498 
78 604 
78 291 
78 189 
77 198 
76 748 
73 775 
73 354 
71 756 
71 531 
70 758 
70 495 
69 046 
68 660 
67 384 
66 646 
66 248 
65 317 
64 012 
63 383 
62 468 
61 088 
59 329 
58 966 
58 353 
57 104 
56 570 
56 334 
55 894 
55 850 
55 777 
54 976 
54 697 
53 835 
53 746 
53 591 
53 518 
52 659 
52 031 
51 787 
51 294 
50 617 
50 539 
49 842 
49 788 
49 630 
49 488 
49 340 
49 007 
48 895 
48 829 
48 641 
46 889 
44 026 
42 836 
42 382 
41 777 
41 417 
41 404 
41 293 
40 807 
40 138 
39 633 
39 495 
38 976 
37 854 
37 745 
37 685 
37 524 
37 503 
37 235 
37 156 
36 312 
35 461 
35 087 
35 035 
34 650 
34 182 
33 950 
33 793 
33 644 
33 436 
33 112 
32 945 
32 788 
32 755 
32 625 
32 425 
32 025 
31 663 
31 275 
31 208 
31 188 
30 557 
30 552 
30 158 
30 100 
29 836 
29 415 
29 373 
29 100 
29 048 
28 964 
28 610 
28 504 
28 495 
27 771 
27 714 
27 427 
27 231 
26 999 
26 897 
26 603 
26 421 
26 049 
25 071 
24 767 
24 720 
24 002 
23 853 
23 764 
23 693 
23 614 
23 573 
23 548 
23 422 
23 279 
23 092 
22 949 
22 746 
22 445 
22 100 
20 795 
20 652 
20 487 
20 473 
20 283 
20 237 
20 129 
19 337 
18 967 
18 771 
18 626 
18 590 
18 393 
18 363 
18 189 
18 083 
17 978 
17 961 
17 918 
17 901 
17 655 
17 254 
16 933 
16 368 
16 323 
16 187 
16 148 
16 116 
16 074 
16 009 
15 880 
15 373 
15 302 
15 208 
15 180 
15 121 
14 805 
14 718 
14 607 
14 600 
14 347 
14 307 
14 207 
14 200 
13 690 
13 400 
13 229 
13 195 
12 924 
12 870 
12 836 
12 822 
12 609 
12 337 
12 164 
12 012 
11 919 
11 277 
11 265 
11 141 
11 066 
10 949 
10 940 
10 834 
10 775 
10 752 
10 750 
10 696 
10 665 
10 663 
10 563 
10 309 
10 247 
10 107 
9 827 
9 810 
9 694 
9 369 
8 925 
8 809 
8 727 
8 711 
8 397 
8 379 
8 369 
8 308 
8 300 
8 299 
8 107 
8 093 
8 078 
8 042 
8 030 
7 975 
7 936 
7 917 
7 855 
7 850 
7 799 
7 769 
7 669 
7 501 
7 496 
7 479 
7 384 
7 341 
7 300 
7 287 
7 279 
7 244 
7 180 
7 132 
7 010 
6 729 
6 485 
6 475 
6 427 
6 377 
6 332 
6 266 
6 225 
6 021 
5 899 
5 870 
5 733 
5 691 
5 639 
5 635 
5 630 
5 562 
5 541 
5 444 
5 291 
5 168 
5 159 
5 098 
5 036 
4 890 
4 836 
4 822 
4 734 
4 641 
4 621 
4 579 
4 496 
4 496 
4 482 
4 340 
4 303 
4 037 
4 034 
3 989 
3 975 
3 967 
3 867 
3 764 
3 754 
3 682 
3 669 
3 500 
3 441 
3 299 
3 239 
3 239 
3 173 
2 999 
2 958 
2 944 
2 892 
2 791 
2 734 
2 726 
2 609 
2 561 
2 437 
2 375 
2 283 
2 274 
2 123 
2 116 
2 076 
2 059 
1 996 
1 970 
1 844 
1 799 
1 756 
1 726 
1 664 
1 475 
1 365 
1 325 
1 295 
1 277 
1 224 
1 206 
1 132 
1 132 
1 096 
1 071 
1 067 
1 040 
964
936
904
744
715
656
653
611
580
382
295
273
245
242
223
